-89.85 -7 1920 1800 928 928
-81.23247	-0.11852 0	10000	10000	30	15	118	2500
-81.18477	-0.04182 0	10000	10000	30	15	118	2500
-81.13717	0.03478	0	10000	10000	30	15	118	2500
-81.08957	0.11148	0	10000	10000	30	15	118	2500
-81.04187	0.18818	0	10000	10000	30	15	118	2500
-80.99427	0.26488	0	10000	10000	30	15	118	2500
-80.94667	0.34158	0	10000	10000	30	15	118	2500
-80.89897	0.41828	0	10000	10000	30	15	118	2500
-80.85137	0.49498	0	10000	10000	30	15	118	2500
-80.80377	0.57168	0	10000	10000	30	15	118	2500
-80.75607	0.64838	1.2	10000	10000	30	15	118	2500
-80.70847	0.72508	1.1	10000	10000	30	15	118	2500
-80.66087	0.80178	0	10000	10000	30	15	118	2500
-80.61317	0.87848	0.8	10000	10000	30	15	118	2500
-80.56557	0.95518	0.6	10000	10000	30	15	118	2500
-80.51797	1.03188	0.3	10000	10000	30	15	118	2500
-80.47027	1.10858	0.3	10000	10000	30	15	118	2500
-80.42267	1.18518	0.4	10000	10000	30	15	118	2500
-80.37507	1.26188	0.5	10000	10000	30	15	118	2500
-80.32737	1.33858	0.4	10000	10000	30	15	118	2500
-80.27977	1.41528	0.3	10000	10000	30	15	118	2500
-80.23217	1.49198	0.2	10000	10000	30	15	118	2500
-80.18447	1.56868	0	10000	10000	30	15	118	2500
-80.13687	1.64538	0.1	10000	10000	30	15	118	2500
-80.08927	1.72208	0.3	10000	10000	30	15	118	2500
-80.04157	1.79878	0	10000	10000	30	15	118	2500
-79.99397	1.87548	0	10000	10000	30	15	118	2500
-79.94637	1.95218	0	10000	10000	30	15	118	2500
-79.89867	2.02888	0	10000	10000	30	15	118	2500
-79.85107	2.10558	0	10000	10000	30	15	118	2500
-79.80347	2.18228	0	10000	10000	30	15	118	2500
-79.75577	2.25898	0	10000	10000	30	15	118	2500
-79.70817	2.33568	0	10000	10000	30	15	118	2500
-79.66057	2.41238	0	10000	10000	30	15	118	2500
-79.61287	2.48898	0	10000	10000	30	15	118	2500
-79.56527	2.56568	0	10000	10000	30	15	118	2500
-79.51767	2.64238	0	10000	10000	30	15	118	2500
-79.46997	2.71908	0	10000	10000	30	15	118	2500
-79.42237	2.79578	0	10000	10000	30	15	118	2500
-79.37477	2.87248	0	10000	10000	30	15	118	2500
-79.32707	2.94918	0	10000	10000	30	15	118	2500
-79.27947	3.02588	0	10000	10000	30	15	118	2500
-79.23187	3.10258	0	10000	10000	30	15	118	2500
-79.18417	3.17928	0	10000	10000	30	15	118	2500
-79.13657	3.25598	0	10000	10000	30	15	118	2500
-79.08897	3.33268	0	10000	10000	30	15	118	2500
-79.04127	3.40938	0	10000	10000	30	15	118	2500
-78.99367	3.48608	0	10000	10000	30	15	118	2500
-78.94607	3.56278	0	10000	10000	30	15	118	2500
-78.89837	3.63938	0	10000	10000	30	15	118	2500
-78.85077	3.71608	0	10000	10000	30	15	118	2500
-78.80317	3.79278	0	10000	10000	30	15	118	2500
-78.75547	3.86948	0	10000	10000	30	15	118	2500
-78.70787	3.94618	0	10000	10000	30	15	118	2500
-78.66027	4.02288	0	10000	10000	30	15	118	2500
-78.61257	4.09958	0	10000	10000	30	15	118	2500
-78.56497	4.17628	0	10000	10000	30	15	118	5100
-81.15877	-0.16482 0.2	10000	10000	30	15	118	5100
-81.11117	-0.08812 0.3	10000	10000	30	15	118	5100
-81.06357	-0.01152 0.7	10000	10000	30	15	118	5100
-81.01587	0.06518	0.9	10000	10000	30	15	118	5100
-80.96827	0.14188	0.7	10000	10000	30	15	118	5100
-80.92067	0.21858	0.5	10000	10000	30	15	118	5100
-80.87297	0.29528	0.6	10000	10000	30	15	118	5100
-80.82537	0.37198	1.2	10000	10000	30	15	118	5100
-80.77777	0.44868	2	10000	10000	30	15	118	5100
-80.73007	0.52538	2.8	10000	10000	30	15	118	5100
-80.68247	0.60208	3.2	10000	10000	30	15	118	5100
-80.63487	0.67878	3.1	10000	10000	30	15	118	5100
-80.58717	0.75548	2.8	10000	10000	30	15	118	5100
-80.53957	0.83218	2.6	10000	10000	30	15	118	5100
-80.49197	0.90888	2.1	10000	10000	30	15	118	5100
-80.44427	0.98558	1.5	10000	10000	30	15	118	5100
-80.39667	1.06228	1.4	10000	10000	30	15	118	5100
-80.34907	1.13898	1.5	10000	10000	30	15	118	5100
-80.30137	1.21568	1.4	10000	10000	30	15	118	5100
-80.25377	1.29238	1.2	10000	10000	30	15	118	5100
-80.20617	1.36898	1	10000	10000	30	15	118	5100
-80.15847	1.44568	0.8	10000	10000	30	15	118	5100
-80.11087	1.52238	0.7	10000	10000	30	15	118	5100
-80.06327	1.59908	0.8	10000	10000	30	15	118	5100
-80.01557	1.67578	1.3	10000	10000	30	15	118	5100
-79.96797	1.75248	1.8	10000	10000	30	15	118	5100
-79.92037	1.82918	2.1	10000	10000	30	15	118	5100
-79.87267	1.90588	0	10000	10000	30	15	118	5100
-79.82507	1.98258	0	10000	10000	30	15	118	5100
-79.77747	2.05928	1.4	10000	10000	30	15	118	5100
-79.72977	2.13598	0	10000	10000	30	15	118	5100
-79.68217	2.21268	0	10000	10000	30	15	118	5100
-79.63457	2.28938	0	10000	10000	30	15	118	5100
-79.58687	2.36608	0	10000	10000	30	15	118	5100
-79.53927	2.44278	0	10000	10000	30	15	118	5100
-79.49167	2.51938	0	10000	10000	30	15	118	5100
-79.44397	2.59608	0	10000	10000	30	15	118	5100
-79.39637	2.67278	0	10000	10000	30	15	118	5100
-79.34877	2.74948	0	10000	10000	30	15	118	5100
-79.30107	2.82618	0	10000	10000	30	15	118	5100
-79.25347	2.90288	0	10000	10000	30	15	118	5100
-79.20587	2.97958	0	10000	10000	30	15	118	5100
-79.15817	3.05628	0	10000	10000	30	15	118	5100
-79.11057	3.13298	0	10000	10000	30	15	118	5100
-79.06297	3.20968	0	10000	10000	30	15	118	5100
-79.01527	3.28638	0	10000	10000	30	15	118	5100
-78.96767	3.36308	0	10000	10000	30	15	118	5100
-78.92007	3.43978	0	10000	10000	30	15	118	5100
-78.87237	3.51648	0	10000	10000	30	15	118	5100
-78.82477	3.59318	0	10000	10000	30	15	118	5100
-78.77717	3.66988	0	10000	10000	30	15	118	5100
-78.72947	3.74658	0	10000	10000	30	15	118	5100
-78.68187	3.82318	0	10000	10000	30	15	118	5100
-78.63427	3.89988	0	10000	10000	30	15	118	5100
-78.58657	3.97658	0	10000	10000	30	15	118	5100
-78.53897	4.05328	0	10000	10000	30	15	118	5100
-78.49137	4.12998	0	10000	10000	30	15	118	7700
-81.08517	-0.21112 1.5	10000	10000	30	15	118	7700
-81.03757	-0.13442 1.8	10000	10000	30	15	118	7700
-80.98987	-0.05772 2.5	10000	10000	30	15	118	7700
-80.94227	0.01898	2.9	10000	10000	30	15	118	7700
-80.89467	0.09558	2.5	10000	10000	30	15	118	7700
-80.84697	0.17228	2	10000	10000	30	15	118	7700
-80.79937	0.24898	2.2	10000	10000	30	15	118	7700
-80.75177	0.32568	3.1	10000	10000	30	15	118	7700
-80.70407	0.40238	4.2	10000	10000	30	15	118	7700
-80.65647	0.47908	5.3	10000	10000	30	15	118	7700
-80.60887	0.55578	6	10000	10000	30	15	118	7700
-80.56117	0.63248	6.2	10000	10000	30	15	118	7700
-80.51357	0.70918	6.1	10000	10000	30	15	118	7700
-80.46597	0.78588	5.8	10000	10000	30	15	118	7700
-80.41827	0.86258	5	10000	10000	30	15	118	7700
-80.37067	0.93928	4.2	10000	10000	30	15	118	7700
-80.32307	1.01598	3.7	10000	10000	30	15	118	7700
-80.27537	1.09268	3.4	10000	10000	30	15	118	7700
-80.22777	1.16938	3.1	10000	10000	30	15	118	7700
-80.18017	1.24608	2.7	10000	10000	30	15	118	7700
-80.13247	1.32268	2.4	10000	10000	30	15	118	7700
-80.08487	1.39938	2.2	10000	10000	30	15	118	7700
-80.03727	1.47608	2.2	10000	10000	30	15	118	7700
-79.98957	1.55278	2.5	10000	10000	30	15	118	7700
-79.94197	1.62948	3.2	10000	10000	30	15	118	7700
-79.89437	1.70618	4.1	10000	10000	30	15	118	7700
-79.84667	1.78288	4.5	10000	10000	30	15	118	7700
-79.79907	1.85958	4.4	10000	10000	30	15	118	7700
-79.75147	1.93628	4.2	10000	10000	30	15	118	7700
-79.70377	2.01298	3.8	10000	10000	30	15	118	7700
-79.65617	2.08968	3.1	10000	10000	30	15	118	7700
-79.60857	2.16638	2.4	10000	10000	30	15	118	7700
-79.56087	2.24308	1.8	10000	10000	30	15	118	7700
-79.51327	2.31978	0	10000	10000	30	15	118	7700
-79.46567	2.39648	0.7	10000	10000	30	15	118	7700
-79.41797	2.47318	0.4	10000	10000	30	15	118	7700
-79.37037	2.54988	0.3	10000	10000	30	15	118	7700
-79.32277	2.62648	0.2	10000	10000	30	15	118	7700
-79.27507	2.70318	0.2	10000	10000	30	15	118	7700
-79.22747	2.77988	0	10000	10000	30	15	118	7700
-79.17987	2.85658	0	10000	10000	30	15	118	7700
-79.13217	2.93328	0	10000	10000	30	15	118	7700
-79.08457	3.00998	0	10000	10000	30	15	118	7700
-79.03697	3.08668	0	10000	10000	30	15	118	7700
-78.98927	3.16338	0	10000	10000	30	15	118	7700
-78.94167	3.24008	0	10000	10000	30	15	118	7700
-78.89407	3.31678	0	10000	10000	30	15	118	7700
-78.84637	3.39348	0	10000	10000	30	15	118	7700
-78.79877	3.47018	0	10000	10000	30	15	118	7700
-78.75117	3.54688	0	10000	10000	30	15	118	7700
-78.70347	3.62358	0	10000	10000	30	15	118	7700
-78.65587	3.70028	0	10000	10000	30	15	118	7700
-78.60827	3.77698	0	10000	10000	30	15	118	7700
-78.56057	3.85358	0	10000	10000	30	15	118	7700
-78.51297	3.93028	0	10000	10000	30	15	118	7700
-78.46537	4.00698	0	10000	10000	30	15	118	7700
-78.41777	4.08368	0	10000	10000	30	15	118	10300
-81.01157	-0.25742 4.9	10000	10000	30	15	118	10300
-80.96387	-0.18072 5.4	10000	10000	30	15	118	10300
-80.91627	-0.10402 6.2	10000	10000	30	15	118	10300
-80.86867	-0.02732 6.4	10000	10000	30	15	118	10300
-80.82097	0.04938	5.7	10000	10000	30	15	118	10300
-80.77337	0.12608	4.9	10000	10000	30	15	118	10300
-80.72577	0.20268	5	10000	10000	30	15	118	10300
-80.67807	0.27938	5.8	10000	10000	30	15	118	10300
-80.63047	0.35608	7	10000	10000	30	15	118	10300
-80.58287	0.43278	8.1	10000	10000	30	15	118	10300
-80.53517	0.50948	9.1	10000	10000	30	15	118	10300
-80.48757	0.58618	9.7	10000	10000	30	15	118	10300
-80.43997	0.66288	9.9	10000	10000	30	15	118	10300
-80.39227	0.73958	9.7	10000	10000	30	15	118	10300
-80.34467	0.81628	9	10000	10000	30	15	118	10300
-80.29707	0.89298	7.9	10000	10000	30	15	118	10300
-80.24937	0.96968	7	10000	10000	30	15	118	10300
-80.20177	1.04638	6.2	10000	10000	30	15	118	10300
-80.15417	1.12308	5.4	10000	10000	30	15	118	10300
-80.10647	1.19978	4.8	10000	10000	30	15	118	10300
-80.05887	1.27648	4.5	10000	10000	30	15	118	10300
-80.01127	1.35318	4.4	10000	10000	30	15	118	10300
-79.96357	1.42978	4.5	10000	10000	30	15	118	10300
-79.91597	1.50648	5	10000	10000	30	15	118	10300
-79.86837	1.58318	5.8	10000	10000	30	15	118	10300
-79.82067	1.65988	6.8	10000	10000	30	15	118	10300
-79.77307	1.73658	7.5	10000	10000	30	15	118	10300
-79.72547	1.81328	7.7	10000	10000	30	15	118	10300
-79.67777	1.88998	7.6	10000	10000	30	15	118	10300
-79.63017	1.96668	7.2	10000	10000	30	15	118	10300
-79.58257	2.04338	6.3	10000	10000	30	15	118	10300
-79.53487	2.12008	5.3	10000	10000	30	15	118	10300
-79.48727	2.19678	4.3	10000	10000	30	15	118	10300
-79.43967	2.27348	3.2	10000	10000	30	15	118	10300
-79.39197	2.35018	2.1	10000	10000	30	15	118	10300
-79.34437	2.42688	1.4	10000	10000	30	15	118	10300
-79.29677	2.50358	0.9	10000	10000	30	15	118	10300
-79.24907	2.58028	0.7	10000	10000	30	15	118	10300
-79.20147	2.65688	0.8	10000	10000	30	15	118	10300
-79.15387	2.73358	1.2	10000	10000	30	15	118	10300
-79.10617	2.81028	1.5	10000	10000	30	15	118	10300
-79.05857	2.88698	1.5	10000	10000	30	15	118	10300
-79.01097	2.96368	1.4	10000	10000	30	15	118	10300
-78.96327	3.04038	1.4	10000	10000	30	15	118	10300
-78.91567	3.11708	1.2	10000	10000	30	15	118	10300
-78.86807	3.19378	1	10000	10000	30	15	118	10300
-78.82037	3.27048	1.3	10000	10000	30	15	118	10300
-78.77277	3.34718	1.7	10000	10000	30	15	118	10300
-78.72517	3.42388	1.9	10000	10000	30	15	118	10300
-78.67757	3.50058	1.6	10000	10000	30	15	118	10300
-78.62987	3.57728	1.1	10000	10000	30	15	118	10300
-78.58227	3.65398	0.8	10000	10000	30	15	118	10300
-78.53457	3.73068	0.6	10000	10000	30	15	118	10300
-78.48697	3.80738	0.4	10000	10000	30	15	118	10300
-78.43937	3.88408	0.3	10000	10000	30	15	118	10300
-78.39167	3.96068	0.4	10000	10000	30	15	118	10300
-78.34407	4.03738	0.4	10000	10000	30	15	118	12900
-80.93787	-0.30372 10.2	10000	10000	30	15	118	12900
-80.89027	-0.22702 10.6	10000	10000	30	15	118	12900
-80.84267	-0.15032 11	10000	10000	30	15	118	12900
-80.79497	-0.07362 10.7	10000	10000	30	15	118	12900
-80.74737	0.00308	9.8	10000	10000	30	15	118	12900
-80.69977	0.07978	8.8	10000	10000	30	15	118	12900
-80.65207	0.15638	8.4	10000	10000	30	15	118	12900
-80.60447	0.23308	8.9	10000	10000	30	15	118	12900
-80.55687	0.30978	9.7	10000	10000	30	15	118	12900
-80.50917	0.38648	10.8	10000	10000	30	15	118	12900
-80.46157	0.46318	11.9	10000	10000	30	15	118	12900
-80.41397	0.53988	12.9	10000	10000	30	15	118	12900
-80.36627	0.61658	13.5	10000	10000	30	15	118	12900
-80.31867	0.69328	13.6	10000	10000	30	15	118	12900
-80.27107	0.76998	13.1	10000	10000	30	15	118	12900
-80.22337	0.84668	12	10000	10000	30	15	118	12900
-80.17577	0.92338	10.7	10000	10000	30	15	118	12900
-80.12817	1.00008	9.4	10000	10000	30	15	118	12900
-80.08047	1.07678	8.3	10000	10000	30	15	118	12900
-80.03287	1.15348	7.4	10000	10000	30	15	118	12900
-79.98527	1.23018	7	10000	10000	30	15	118	12900
-79.93757	1.30688	6.9	10000	10000	30	15	118	12900
-79.88997	1.38358	7.2	10000	10000	30	15	118	12900
-79.84237	1.46028	7.7	10000	10000	30	15	118	12900
-79.79467	1.53688	8.5	10000	10000	30	15	118	12900
-79.74707	1.61358	9.4	10000	10000	30	15	118	12900
-79.69947	1.69028	10.2	10000	10000	30	15	118	12900
-79.65187	1.76698	10.6	10000	10000	30	15	118	12900
-79.60417	1.84368	10.7	10000	10000	30	15	118	12900
-79.55657	1.92038	10.4	10000	10000	30	15	118	12900
-79.50887	1.99708	9.6	10000	10000	30	15	118	12900
-79.46127	2.07378	8.5	10000	10000	30	15	118	12900
-79.41367	2.15048	7.1	10000	10000	30	15	118	12900
-79.36597	2.22718	5.5	10000	10000	30	15	118	12900
-79.31837	2.30388	4	10000	10000	30	15	118	12900
-79.27077	2.38058	2.8	10000	10000	30	15	118	12900
-79.22317	2.45728	2	10000	10000	30	15	118	12900
-79.17547	2.53398	1.6	10000	10000	30	15	118	12900
-79.12787	2.61068	1.8	10000	10000	30	15	118	12900
-79.08017	2.68738	2.4	10000	10000	30	15	118	12900
-79.03257	2.76398	2.9	10000	10000	30	15	118	12900
-78.98497	2.84068	3.2	10000	10000	30	15	118	12900
-78.93727	2.91738	3.3	10000	10000	30	15	118	12900
-78.88967	2.99408	3.4	10000	10000	30	15	118	12900
-78.84207	3.07078	3.2	10000	10000	30	15	118	12900
-78.79447	3.14748	3.1	10000	10000	30	15	118	12900
-78.74677	3.22418	3.4	10000	10000	30	15	118	12900
-78.69917	3.30088	3.9	10000	10000	30	15	118	12900
-78.65147	3.37758	4	10000	10000	30	15	118	12900
-78.60387	3.45428	3.5	10000	10000	30	15	118	12900
-78.55627	3.53098	2.9	10000	10000	30	15	118	12900
-78.50867	3.60768	2.3	10000	10000	30	15	118	12900
-78.46097	3.68438	1.7	10000	10000	30	15	118	12900
-78.41337	3.76108	1.3	10000	10000	30	15	118	12900
-78.36577	3.83778	1.1	10000	10000	30	15	118	12900
-78.31807	3.91448	1	10000	10000	30	15	118	12900
-78.27047	3.99108	0.9	10000	10000	30	15	118	15400
-80.86427	-0.35002	15.5	10000	10000	30	15	118	15400
-80.81667	-0.27332	15.7	10000	10000	30	15	118	15400
-80.76897	-0.19662	15.5	10000	10000	30	15	118	15400
-80.72137	-0.11992	14.8	10000	10000	30	15	118	15400
-80.67377	-0.04322	13.6	10000	10000	30	15	118	15400
-80.62607	0.03348	12.4	10000	10000	30	15	118	15400
-80.57847	0.11018	11.6	10000	10000	30	15	118	15400
-80.53087	0.18688	11.5	10000	10000	30	15	118	15400
-80.48317	0.26358	12.1	10000	10000	30	15	118	15400
-80.43557	0.34018	13	10000	10000	30	15	118	15400
-80.38797	0.41688	14.2	10000	10000	30	15	118	15400
-80.34027	0.49358	15.5	10000	10000	30	15	118	15400
-80.29267	0.57028	16.4	10000	10000	30	15	118	15400
-80.24507	0.64698	16.8	10000	10000	30	15	118	15400
-80.19737	0.72368	16.5	10000	10000	30	15	118	15400
-80.14977	0.80038	15.6	10000	10000	30	15	118	15400
-80.10217	0.87708	14.1	10000	10000	30	15	118	15400
-80.05447	0.95378	12.6	10000	10000	30	15	118	15400
-80.00687	1.03048	11.2	10000	10000	30	15	118	15400
-79.95927	1.10718	10.2	10000	10000	30	15	118	15400
-79.91157	1.18388	9.6	10000	10000	30	15	118	15400
-79.86397	1.26058	9.5	10000	10000	30	15	118	15400
-79.81637	1.33728	9.6	10000	10000	30	15	118	15400
-79.76867	1.41398	10	10000	10000	30	15	118	15400
-79.72107	1.49058	10.6	10000	10000	30	15	118	15400
-79.67347	1.56728	11.4	10000	10000	30	15	118	15400
-79.62577	1.64398	12.1	10000	10000	30	15	118	15400
-79.57817	1.72068	12.6	10000	10000	30	15	118	15400
-79.53057	1.79738	12.8	10000	10000	30	15	118	15400
-79.48297	1.87408	12.6	10000	10000	30	15	118	15400
-79.43527	1.95078	11.9	10000	10000	30	15	118	15400
-79.38767	2.02748	10.7	10000	10000	30	15	118	15400
-79.33997	2.10418	9.1	10000	10000	30	15	118	15400
-79.29237	2.18088	7.3	10000	10000	30	15	118	15400
-79.24477	2.25758	5.5	10000	10000	30	15	118	15400
-79.19707	2.33428	4	10000	10000	30	15	118	15400
-79.14947	2.41098	3	10000	10000	30	15	118	15400
-79.10187	2.48768	2.5	10000	10000	30	15	118	15400
-79.05427	2.56438	2.8	10000	10000	30	15	118	15400
-79.00657	2.64108	3.5	10000	10000	30	15	118	15400
-78.95897	2.71778	4.4	10000	10000	30	15	118	15400
-78.91127	2.79438	5.1	10000	10000	30	15	118	15400
-78.86367	2.87108	5.7	10000	10000	30	15	118	15400
-78.81607	2.94778	6	10000	10000	30	15	118	15400
-78.76847	3.02448	6.1	10000	10000	30	15	118	15400
-78.72077	3.10118	6.2	10000	10000	30	15	118	15400
-78.67317	3.17788	6.5	10000	10000	30	15	118	15400
-78.62557	3.25458	6.7	10000	10000	30	15	118	15400
-78.57787	3.33128	6.6	10000	10000	30	15	118	15400
-78.53027	3.40798	6	10000	10000	30	15	118	15400
-78.48257	3.48468	5.2	10000	10000	30	15	118	15400
-78.43497	3.56138	4.4	10000	10000	30	15	118	15400
-78.38737	3.63808	3.5	10000	10000	30	15	118	15400
-78.33977	3.71478	2.8	10000	10000	30	15	118	15400
-78.29207	3.79148	2.3	10000	10000	30	15	118	15400
-78.24447	3.86818	1.9	10000	10000	30	15	118	15400
-78.19687	3.94488	1.5	10000	10000	30	15	118	18000
-80.79067	-0.39632	18.8	10000	10000	30	15	118	18000
-80.74297	-0.31962	19.1	10000	10000	30	15	118	18000
-80.69537	-0.24292	18.7	10000	10000	30	15	118	18000
-80.64777	-0.16622	17.7	10000	10000	30	15	118	18000
-80.60007	-0.08952	16.5	10000	10000	30	15	118	18000
-80.55247	-0.01282	15.1	10000	10000	30	15	118	18000
-80.50487	0.06388	14.1	10000	10000	30	15	118	18000
-80.45727	0.14058	13.7	10000	10000	30	15	118	18000
-80.40957	0.21728	13.9	10000	10000	30	15	118	18000
-80.36197	0.29398	14.7	10000	10000	30	15	118	18000
-80.31427	0.37058	15.9	10000	10000	30	15	118	18000
-80.26667	0.44728	17.2	10000	10000	30	15	118	18000
-80.21907	0.52398	18.4	10000	10000	30	15	118	18000
-80.17137	0.60068	19.1	10000	10000	30	15	118	18000
-80.12377	0.67738	19.1	10000	10000	30	15	118	18000
-80.07617	0.75408	18.4	10000	10000	30	15	118	18000
-80.02857	0.83078	17	10000	10000	30	15	118	18000
-79.98087	0.90748	15.4	10000	10000	30	15	118	18000
-79.93327	0.98418	13.9	10000	10000	30	15	118	18000
-79.88557	1.06088	12.8	10000	10000	30	15	118	18000
-79.83797	1.13758	12	10000	10000	30	15	118	18000
-79.79037	1.21428	11.6	10000	10000	30	15	118	18000
-79.74267	1.29098	11.5	10000	10000	30	15	118	18000
-79.69507	1.36768	11.6	10000	10000	30	15	118	18000
-79.64747	1.44438	12	10000	10000	30	15	118	18000
-79.59987	1.52108	12.5	10000	10000	30	15	118	18000
-79.55217	1.59778	13	10000	10000	30	15	118	18000
-79.50457	1.67438	13.4	10000	10000	30	15	118	18000
-79.45687	1.75108	13.5	10000	10000	30	15	118	18000
-79.40927	1.82778	13.2	10000	10000	30	15	118	18000
-79.36167	1.90448	12.4	10000	10000	30	15	118	18000
-79.31407	1.98118	11.2	10000	10000	30	15	118	18000
-79.26637	2.05788	9.5	10000	10000	30	15	118	18000
-79.21877	2.13458	7.6	10000	10000	30	15	118	18000
-79.17117	2.21128	5.7	10000	10000	30	15	118	18000
-79.12347	2.28798	4.1	10000	10000	30	15	118	18000
-79.07587	2.36468	3.1	10000	10000	30	15	118	18000
-79.02817	2.44138	2.8	10000	10000	30	15	118	18000
-78.98057	2.51808	3.3	10000	10000	30	15	118	18000
-78.93297	2.59478	4.3	10000	10000	30	15	118	18000
-78.88537	2.67148	5.5	10000	10000	30	15	118	18000
-78.83767	2.74818	6.8	10000	10000	30	15	118	18000
-78.79007	2.82478	7.9	10000	10000	30	15	118	18000
-78.74247	2.90148	8.6	10000	10000	30	15	118	18000
-78.69477	2.97818	9.1	10000	10000	30	15	118	18000
-78.64717	3.05488	9.4	10000	10000	30	15	118	18000
-78.59957	3.13158	9.5	10000	10000	30	15	118	18000
-78.55187	3.20828	9.5	10000	10000	30	15	118	18000
-78.50427	3.28498	9.1	10000	10000	30	15	118	18000
-78.45667	3.36168	8.5	10000	10000	30	15	118	18000
-78.40897	3.43838	7.5	10000	10000	30	15	118	18000
-78.36137	3.51508	6.5	10000	10000	30	15	118	18000
-78.31377	3.59178	5.5	10000	10000	30	15	118	18000
-78.26607	3.66848	4.5	10000	10000	30	15	118	18000
-78.21847	3.74518	3.7	10000	10000	30	15	118	18000
-78.17087	3.82188	3	10000	10000	30	15	118	18000
-78.12317	3.89858	2.2	10000	10000	30	15	118	20600
-80.71707	-0.44262	19.7	10000	10000	30	15	118	20600
-80.66937	-0.36592	20.3	10000	10000	30	15	118	20600
-80.62177	-0.28922	20.2	10000	10000	30	15	118	20600
-80.57407	-0.21252	19.4	10000	10000	30	15	118	20600
-80.52647	-0.13582	18.2	10000	10000	30	15	118	20600
-80.47887	-0.05912	16.9	10000	10000	30	15	118	20600
-80.43117	0.01758	15.8	10000	10000	30	15	118	20600
-80.38357	0.09428	15.1	10000	10000	30	15	118	20600
-80.33597	0.17098	15.1	10000	10000	30	15	118	20600
-80.28837	0.24768	15.7	10000	10000	30	15	118	20600
-80.24067	0.32438	16.8	10000	10000	30	15	118	20600
-80.19307	0.40108	18.2	10000	10000	30	15	118	20600
-80.14537	0.47768	19.4	10000	10000	30	15	118	20600
-80.09777	0.55438	20.3	10000	10000	30	15	118	20600
-80.05017	0.63108	20.6	10000	10000	30	15	118	20600
-80.00247	0.70778	20.1	10000	10000	30	15	118	20600
-79.95487	0.78448	18.9	10000	10000	30	15	118	20600
-79.90727	0.86118	17.4	10000	10000	30	15	118	20600
-79.85967	0.93788	15.9	10000	10000	30	15	118	20600
-79.81197	1.01458	14.6	10000	10000	30	15	118	20600
-79.76437	1.09128	13.6	10000	10000	30	15	118	20600
-79.71667	1.16798	12.9	10000	10000	30	15	118	20600
-79.66907	1.24468	12.5	10000	10000	30	15	118	20600
-79.62147	1.32138	12.4	10000	10000	30	15	118	20600
-79.57387	1.39808	12.4	10000	10000	30	15	118	20600
-79.52617	1.47478	12.6	10000	10000	30	15	118	20600
-79.47857	1.55148	12.7	10000	10000	30	15	118	20600
-79.43097	1.62808	12.8	10000	10000	30	15	118	20600
-79.38327	1.70478	12.7	10000	10000	30	15	118	20600
-79.33567	1.78148	12.2	10000	10000	30	15	118	20600
-79.28797	1.85818	11.3	10000	10000	30	15	118	20600
-79.24037	1.93488	10	10000	10000	30	15	118	20600
-79.19277	2.01158	8.2	10000	10000	30	15	118	20600
-79.14517	2.08828	6.2	10000	10000	30	15	118	20600
-79.09747	2.16498	4.4	10000	10000	30	15	118	20600
-79.04987	2.24168	2.9	10000	10000	30	15	118	20600
-79.00227	2.31838	2.2	10000	10000	30	15	118	20600
-78.95457	2.39508	2.2	10000	10000	30	15	118	20600
-78.90697	2.47178	3	10000	10000	30	15	118	20600
-78.85927	2.54848	4.4	10000	10000	30	15	118	20600
-78.81167	2.62518	6.1	10000	10000	30	15	118	20600
-78.76407	2.70188	7.8	10000	10000	30	15	118	20600
-78.71647	2.77858	9.4	10000	10000	30	15	118	20600
-78.66877	2.85528	10.6	10000	10000	30	15	118	20600
-78.62117	2.93198	11.4	10000	10000	30	15	118	20600
-78.57357	3.00858	11.8	10000	10000	30	15	118	20600
-78.52587	3.08528	11.8	10000	10000	30	15	118	20600
-78.47827	3.16198	11.6	10000	10000	30	15	118	20600
-78.43067	3.23868	11.1	10000	10000	30	15	118	20600
-78.38297	3.31538	10.3	10000	10000	30	15	118	20600
-78.33537	3.39208	9.3	10000	10000	30	15	118	20600
-78.28777	3.46878	8.2	10000	10000	30	15	118	20600
-78.24007	3.54548	7.1	10000	10000	30	15	118	20600
-78.19247	3.62218	5.9	10000	10000	30	15	118	20600
-78.14487	3.69888	4.9	10000	10000	30	15	118	20600
-78.09717	3.77558	3.8	10000	10000	30	15	118	20600
-78.04957	3.85228	2.9	10000	10000	30	15	118	23200
-80.64337	-0.48892	18.5	10000	10000	30	15	118	23200
-80.59577	-0.41222	19.8	10000	10000	30	15	118	23200
-80.54817	-0.33552	20.2	10000	10000	30	15	118	23200
-80.50047	-0.25882	19.8	10000	10000	30	15	118	23200
-80.45287	-0.18212	18.9	10000	10000	30	15	118	23200
-80.40527	-0.10542	17.8	10000	10000	30	15	118	23200
-80.35757	-0.02872	16.7	10000	10000	30	15	118	23200
-80.30997	0.04798	16	10000	10000	30	15	118	23200
-80.26227	0.12468	15.8	10000	10000	30	15	118	23200
-80.21467	0.20138	16.1	10000	10000	30	15	118	23200
-80.16707	0.27808	17.1	10000	10000	30	15	118	23200
-80.11947	0.35478	18.3	10000	10000	30	15	118	23200
-80.07177	0.43148	19.5	10000	10000	30	15	118	23200
-80.02417	0.50808	20.5	10000	10000	30	15	118	23200
-79.97657	0.58478	20.9	10000	10000	30	15	118	23200
-79.92887	0.66148	20.5	10000	10000	30	15	118	23200
-79.88127	0.73818	19.6	10000	10000	30	15	118	23200
-79.83367	0.81488	18.2	10000	10000	30	15	118	23200
-79.78597	0.89158	16.7	10000	10000	30	15	118	23200
-79.73837	0.96828	15.3	10000	10000	30	15	118	23200
-79.69077	1.04498	14.1	10000	10000	30	15	118	23200
-79.64307	1.12168	13.3	10000	10000	30	15	118	23200
-79.59547	1.19838	12.7	10000	10000	30	15	118	23200
-79.54787	1.27508	12.2	10000	10000	30	15	118	23200
-79.50017	1.35178	11.9	10000	10000	30	15	118	23200
-79.45257	1.42848	11.7	10000	10000	30	15	118	23200
-79.40497	1.50518	11.5	10000	10000	30	15	118	23200
-79.35727	1.58188	11.1	10000	10000	30	15	118	23200
-79.30967	1.65858	10.7	10000	10000	30	15	118	23200
-79.26207	1.73528	9.9	10000	10000	30	15	118	23200
-79.21437	1.81188	8.8	10000	10000	30	15	118	23200
-79.16677	1.88858	7.3	10000	10000	30	15	118	23200
-79.11917	1.96528	5.5	10000	10000	30	15	118	23200
-79.07147	2.04198	3.7	10000	10000	30	15	118	23200
-79.02387	2.11868	2	10000	10000	30	15	118	23200
-78.97627	2.19538	0.8	10000	10000	30	15	118	23200
-78.92857	2.27208	0.4	10000	10000	30	15	118	23200
-78.88097	2.34878	0.8	10000	10000	30	15	118	23200
-78.83337	2.42548	2	10000	10000	30	15	118	23200
-78.78567	2.50218	3.9	10000	10000	30	15	118	23200
-78.73807	2.57888	6	10000	10000	30	15	118	23200
-78.69047	2.65558	8.2	10000	10000	30	15	118	23200
-78.64277	2.73228	10.1	10000	10000	30	15	118	23200
-78.59517	2.80898	11.6	10000	10000	30	15	118	23200
-78.54757	2.88568	12.6	10000	10000	30	15	118	23200
-78.49987	2.96228	13.1	10000	10000	30	15	118	23200
-78.45227	3.03898	13.2	10000	10000	30	15	118	23200
-78.40467	3.11568	12.9	10000	10000	30	15	118	23200
-78.35697	3.19238	12.3	10000	10000	30	15	118	23200
-78.30937	3.26908	11.4	10000	10000	30	15	118	23200
-78.26177	3.34578	10.4	10000	10000	30	15	118	23200
-78.21407	3.42248	9.3	10000	10000	30	15	118	23200
-78.16647	3.49918	8.1	10000	10000	30	15	118	23200
-78.11887	3.57588	6.9	10000	10000	30	15	118	23200
-78.07117	3.65258	5.7	10000	10000	30	15	118	23200
-78.02357	3.72928	4.5	10000	10000	30	15	118	23200
-77.97597	3.80598	3.3	10000	10000	30	15	118	25800
-80.56977	-0.53522	15.8	10000	10000	30	15	118	25800
-80.52207	-0.45852	17.7	10000	10000	30	15	118	25800
-80.47447	-0.38182	18.9	10000	10000	30	15	118	25800
-80.42687	-0.30512	19.1	10000	10000	30	15	118	25800
-80.37927	-0.22842	18.7	10000	10000	30	15	118	25800
-80.33157	-0.15172	17.9	10000	10000	30	15	118	25800
-80.28397	-0.07502	17	10000	10000	30	15	118	25800
-80.23637	0.00168	16.2	10000	10000	30	15	118	25800
-80.18867	0.07838	15.8	10000	10000	30	15	118	25800
-80.14107	0.15508	16	10000	10000	30	15	118	25800
-80.09337	0.23178	16.7	10000	10000	30	15	118	25800
-80.04577	0.30848	17.7	10000	10000	30	15	118	25800
-79.99817	0.38518	18.8	10000	10000	30	15	118	25800
-79.95057	0.46188	19.7	10000	10000	30	15	118	25800
-79.90287	0.53848	20.1	10000	10000	30	15	118	25800
-79.85527	0.61518	19.8	10000	10000	30	15	118	25800
-79.80767	0.69188	19	10000	10000	30	15	118	25800
-79.75997	0.76858	17.6	10000	10000	30	15	118	25800
-79.71237	0.84528	16.2	10000	10000	30	15	118	25800
-79.66477	0.92198	14.8	10000	10000	30	15	118	25800
-79.61707	0.99868	13.6	10000	10000	30	15	118	25800
-79.56947	1.07538	12.6	10000	10000	30	15	118	25800
-79.52187	1.15208	11.8	10000	10000	30	15	118	25800
-79.47417	1.22878	11.2	10000	10000	30	15	118	25800
-79.42657	1.30548	10.6	10000	10000	30	15	118	25800
-79.37897	1.38218	10	10000	10000	30	15	118	25800
-79.33127	1.45888	9.4	10000	10000	30	15	118	25800
-79.28367	1.53558	8.6	10000	10000	30	15	118	25800
-79.23607	1.61228	7.8	10000	10000	30	15	118	25800
-79.18837	1.68898	6.7	10000	10000	30	15	118	25800
-79.14077	1.76568	5.4	10000	10000	30	15	118	25800
-79.09317	1.84228	3.9	10000	10000	30	15	118	25800
-79.04547	1.91898	2.2	10000	10000	30	15	118	25800
-78.99787	1.99568	0.5	10000	10000	30	15	118	25800
-78.95027	2.07238	0	10000	10000	30	15	118	25800
-78.90257	2.14908	0	10000	10000	30	15	118	25800
-78.85497	2.22578	0	10000	10000	30	15	118	25800
-78.80737	2.30248	0	10000	10000	30	15	118	25800
-78.75967	2.37918	0.8	10000	10000	30	15	118	25800
-78.71207	2.45588	3	10000	10000	30	15	118	25800
-78.66447	2.53258	5.5	10000	10000	30	15	118	25800
-78.61677	2.60928	7.9	10000	10000	30	15	118	25800
-78.56917	2.68598	10	10000	10000	30	15	118	25800
-78.52157	2.76268	11.7	10000	10000	30	15	118	25800
-78.47387	2.83938	12.8	10000	10000	30	15	118	25800
-78.42627	2.91608	13.3	10000	10000	30	15	118	25800
-78.37867	2.99278	13.4	10000	10000	30	15	118	25800
-78.33097	3.06948	13.1	10000	10000	30	15	118	25800
-78.28337	3.14608	12.5	10000	10000	30	15	118	25800
-78.23577	3.22278	11.7	10000	10000	30	15	118	25800
-78.18807	3.29948	10.7	10000	10000	30	15	118	25800
-78.14047	3.37618	9.7	10000	10000	30	15	118	25800
-78.09287	3.45288	8.5	10000	10000	30	15	118	25800
-78.04517	3.52958	7.3	10000	10000	30	15	118	25800
-77.99757	3.60628	6	10000	10000	30	15	118	25800
-77.94997	3.68298	4.8	10000	10000	30	15	118	25800
-77.90227	3.75968	3.6	10000	10000	30	15	118	28400
-80.49617	-0.58152	12.4	10000	10000	30	15	118	28400
-80.44847	-0.50482	14.9	10000	10000	30	15	118	28400
-80.40087	-0.42812	16.7	10000	10000	30	15	118	28400
-80.35327	-0.35142	17.6	10000	10000	30	15	118	28400
-80.30557	-0.27472	17.8	10000	10000	30	15	118	28400
-80.25797	-0.19802	17.3	10000	10000	30	15	118	28400
-80.21037	-0.12132	16.5	10000	10000	30	15	118	28400
-80.16267	-0.04462	15.8	10000	10000	30	15	118	28400
-80.11507	0.03208	15.4	10000	10000	30	15	118	28400
-80.06747	0.10878	15.3	10000	10000	30	15	118	28400
-80.01977	0.18548	15.7	10000	10000	30	15	118	28400
-79.97217	0.26218	16.5	10000	10000	30	15	118	28400
-79.92457	0.33888	17.4	10000	10000	30	15	118	28400
-79.87687	0.41558	18.1	10000	10000	30	15	118	28400
-79.82927	0.49228	18.4	10000	10000	30	15	118	28400
-79.78167	0.56898	18.1	10000	10000	30	15	118	28400
-79.73397	0.64558	17.2	10000	10000	30	15	118	28400
-79.68637	0.72228	15.9	10000	10000	30	15	118	28400
-79.63877	0.79898	14.5	10000	10000	30	15	118	28400
-79.59107	0.87568	13.2	10000	10000	30	15	118	28400
-79.54347	0.95238	12.1	10000	10000	30	15	118	28400
-79.49587	1.02908	11.1	10000	10000	30	15	118	28400
-79.44817	1.10578	10.2	10000	10000	30	15	118	28400
-79.40057	1.18248	9.4	10000	10000	30	15	118	28400
-79.35297	1.25918	8.7	10000	10000	30	15	118	28400
-79.30527	1.33588	7.8	10000	10000	30	15	118	28400
-79.25767	1.41258	6.9	10000	10000	30	15	118	28400
-79.21007	1.48928	5.8	10000	10000	30	15	118	28400
-79.16237	1.56598	4.6	10000	10000	30	15	118	28400
-79.11477	1.64268	3.3	10000	10000	30	15	118	28400
-79.06717	1.71938	1.9	10000	10000	30	15	118	28400
-79.01947	1.79608	0.5	10000	10000	30	15	118	28400
-78.97187	1.87268	0	10000	10000	30	15	118	28400
-78.92427	1.94938	0	10000	10000	30	15	118	28400
-78.87657	2.02608	0	10000	10000	30	15	118	28400
-78.82897	2.10278	0	10000	10000	30	15	118	28400
-78.78137	2.17948	0	10000	10000	30	15	118	28400
-78.73367	2.25618	0	10000	10000	30	15	118	28400
-78.68607	2.33288	0	10000	10000	30	15	118	28400
-78.63847	2.40958	2	10000	10000	30	15	118	28400
-78.59077	2.48628	4.6	10000	10000	30	15	118	28400
-78.54317	2.56298	7.1	10000	10000	30	15	118	28400
-78.49557	2.63968	9.2	10000	10000	30	15	118	28400
-78.44787	2.71638	10.9	10000	10000	30	15	118	28400
-78.40027	2.79308	11.9	10000	10000	30	15	118	28400
-78.35267	2.86978	12.4	10000	10000	30	15	118	28400
-78.30497	2.94648	12.5	10000	10000	30	15	118	28400
-78.25737	3.02318	12.3	10000	10000	30	15	118	28400
-78.20977	3.09988	11.8	10000	10000	30	15	118	28400
-78.16207	3.17648	11.1	10000	10000	30	15	118	28400
-78.11447	3.25318	10.3	10000	10000	30	15	118	28400
-78.06687	3.32988	9.3	10000	10000	30	15	118	28400
-78.01917	3.40658	8.2	10000	10000	30	15	118	28400
-77.97157	3.48328	7.1	10000	10000	30	15	118	28400
-77.92397	3.55998	5.9	10000	10000	30	15	118	28400
-77.87627	3.63668	4.7	10000	10000	30	15	118	28400
-77.82867	3.71338	3.6	10000	10000	30	15	118	31000
-80.42247	-0.62772	9	10000	10000	30	15	118	31000
-80.37487	-0.55102	11.9	10000	10000	30	15	118	31000
-80.32727	-0.47442	14.2	10000	10000	30	15	118	31000
-80.27957	-0.39772	15.6	10000	10000	30	15	118	31000
-80.23197	-0.32102	16.1	10000	10000	30	15	118	31000
-80.18437	-0.24432	16	10000	10000	30	15	118	31000
-80.13667	-0.16762	15.4	10000	10000	30	15	118	31000
-80.08907	-0.09092	14.8	10000	10000	30	15	118	31000
-80.04147	-0.01422	14.3	10000	10000	30	15	118	31000
-79.99377	0.06248	14.2	10000	10000	30	15	118	31000
-79.94617	0.13918	14.4	10000	10000	30	15	118	31000
-79.89857	0.21588	14.9	10000	10000	30	15	118	31000
-79.85087	0.29258	15.5	10000	10000	30	15	118	31000
-79.80327	0.36928	15.9	10000	10000	30	15	118	31000
-79.75567	0.44598	16	10000	10000	30	15	118	31000
-79.70797	0.52268	15.6	10000	10000	30	15	118	31000
-79.66037	0.59938	14.7	10000	10000	30	15	118	31000
-79.61277	0.67598	13.5	10000	10000	30	15	118	31000
-79.56507	0.75268	12.2	10000	10000	30	15	118	31000
-79.51747	0.82938	11	10000	10000	30	15	118	31000
-79.46987	0.90608	9.9	10000	10000	30	15	118	31000
-79.42217	0.98278	9	10000	10000	30	15	118	31000
-79.37457	1.05948	8.2	10000	10000	30	15	118	31000
-79.32697	1.13618	7.4	10000	10000	30	15	118	31000
-79.27927	1.21288	6.5	10000	10000	30	15	118	31000
-79.23167	1.28958	5.6	10000	10000	30	15	118	31000
-79.18407	1.36628	4.5	10000	10000	30	15	118	31000
-79.13637	1.44298	3.2	10000	10000	30	15	118	31000
-79.08877	1.51968	1.8	10000	10000	30	15	118	31000
-79.04117	1.59638	0.4	10000	10000	30	15	118	31000
-78.99347	1.67308	0	10000	10000	30	15	118	31000
-78.94587	1.74978	0	10000	10000	30	15	118	31000
-78.89827	1.82648	0	10000	10000	30	15	118	31000
-78.85057	1.90318	0	10000	10000	30	15	118	31000
-78.80297	1.97978	0	10000	10000	30	15	118	31000
-78.75537	2.05648	0	10000	10000	30	15	118	31000
-78.70767	2.13318	0	10000	10000	30	15	118	31000
-78.66007	2.20988	0	10000	10000	30	15	118	31000
-78.61247	2.28658	0	10000	10000	30	15	118	31000
-78.56477	2.36328	1.1	10000	10000	30	15	118	31000
-78.51717	2.43998	3.6	10000	10000	30	15	118	31000
-78.46957	2.51668	5.9	10000	10000	30	15	118	31000
-78.42187	2.59338	7.8	10000	10000	30	15	118	31000
-78.37427	2.67008	9.3	10000	10000	30	15	118	31000
-78.32667	2.74678	10.1	10000	10000	30	15	118	31000
-78.27897	2.82348	10.5	10000	10000	30	15	118	31000
-78.23137	2.90018	10.6	10000	10000	30	15	118	31000
-78.18377	2.97688	10.4	10000	10000	30	15	118	31000
-78.13607	3.05358	10.1	10000	10000	30	15	118	31000
-78.08847	3.13028	9.6	10000	10000	30	15	118	31000
-78.04087	3.20688	9	10000	10000	30	15	118	31000
-77.99317	3.28358	8.2	10000	10000	30	15	118	31000
-77.94557	3.36028	7.3	10000	10000	30	15	118	31000
-77.89797	3.43698	6.3	10000	10000	30	15	118	31000
-77.85027	3.51368	5.3	10000	10000	30	15	118	31000
-77.80267	3.59038	4.2	10000	10000	30	15	118	31000
-77.75507	3.66708	3.2	10000	10000	30	15	118	33600
-80.34887	-0.67402	6.1	10000	10000	30	15	118	33600
-80.30127	-0.59732	9.1	10000	10000	30	15	118	33600
-80.25357	-0.52062	11.5	10000	10000	30	15	118	33600
-80.20597	-0.44402	13.1	10000	10000	30	15	118	33600
-80.15837	-0.36732	13.8	10000	10000	30	15	118	33600
-80.11067	-0.29062	13.9	10000	10000	30	15	118	33600
-80.06307	-0.21392	13.6	10000	10000	30	15	118	33600
-80.01547	-0.13722	13.1	10000	10000	30	15	118	33600
-79.96777	-0.06052	12.8	10000	10000	30	15	118	33600
-79.92017	0.01618	12.6	10000	10000	30	15	118	33600
-79.87257	0.09288	12.6	10000	10000	30	15	118	33600
-79.82487	0.16958	12.9	10000	10000	30	15	118	33600
-79.77727	0.24628	13.2	10000	10000	30	15	118	33600
-79.72967	0.32298	13.3	10000	10000	30	15	118	33600
-79.68197	0.39968	13.2	10000	10000	30	15	118	33600
-79.63437	0.47638	12.7	10000	10000	30	15	118	33600
-79.58677	0.55308	11.8	10000	10000	30	15	118	33600
-79.53907	0.62978	10.6	10000	10000	30	15	118	33600
-79.49147	0.70648	9.5	10000	10000	30	15	118	33600
-79.44387	0.78318	8.4	10000	10000	30	15	118	33600
-79.39617	0.85978	7.5	10000	10000	30	15	118	33600
-79.34857	0.93648	6.8	10000	10000	30	15	118	33600
-79.30097	1.01318	6	10000	10000	30	15	118	33600
-79.25327	1.08988	5.3	10000	10000	30	15	118	33600
-79.20567	1.16658	4.4	10000	10000	30	15	118	33600
-79.15807	1.24328	3.5	10000	10000	30	15	118	33600
-79.11037	1.31998	2.4	10000	10000	30	15	118	33600
-79.06277	1.39668	1.2	10000	10000	30	15	118	33600
-79.01517	1.47338	0	10000	10000	30	15	118	33600
-78.96747	1.55008	0	10000	10000	30	15	118	33600
-78.91987	1.62678	0	10000	10000	30	15	118	33600
-78.87227	1.70348	0	10000	10000	30	15	118	33600
-78.82457	1.78018	0	10000	10000	30	15	118	33600
-78.77697	1.85688	0	10000	10000	30	15	118	33600
-78.72937	1.93358	0	10000	10000	30	15	118	33600
-78.68167	2.01018	0	10000	10000	30	15	118	33600
-78.63407	2.08688	0	10000	10000	30	15	118	33600
-78.58647	2.16358	0	10000	10000	30	15	118	33600
-78.53877	2.24028	0	10000	10000	30	15	118	33600
-78.49117	2.31698	0.7	10000	10000	30	15	118	33600
-78.44357	2.39368	2.6	10000	10000	30	15	118	33600
-78.39587	2.47038	4.4	10000	10000	30	15	118	33600
-78.34827	2.54708	6	10000	10000	30	15	118	33600
-78.30067	2.62378	7.1	10000	10000	30	15	118	33600
-78.25297	2.70048	7.7	10000	10000	30	15	118	33600
-78.20537	2.77718	7.8	10000	10000	30	15	118	33600
-78.15777	2.85388	7.7	10000	10000	30	15	118	33600
-78.11007	2.93058	7.7	10000	10000	30	15	118	33600
-78.06247	3.00728	7.7	10000	10000	30	15	118	33600
-78.01487	3.08398	7.5	10000	10000	30	15	118	33600
-77.96717	3.16068	7.2	10000	10000	30	15	118	33600
-77.91957	3.23738	6.6	10000	10000	30	15	118	33600
-77.87197	3.31398	5.9	10000	10000	30	15	118	33600
-77.82427	3.39068	5	10000	10000	30	15	118	33600
-77.77667	3.46738	4.1	10000	10000	30	15	118	33600
-77.72907	3.54408	3.3	10000	10000	30	15	118	33600
-77.68137	3.62078	2.6	10000	10000	30	15	118	36100
-80.27527	-0.72032	3.8	10000	10000	30	15	118	36100
-80.22757	-0.64362	6.6	10000	10000	30	15	118	36100
-80.17997	-0.56692	8.8	10000	10000	30	15	118	36100
-80.13237	-0.49022	10.4	10000	10000	30	15	118	36100
-80.08467	-0.41352	11.1	10000	10000	30	15	118	36100
-80.03707	-0.33692	11.2	10000	10000	30	15	118	36100
-79.98947	-0.26022	11	10000	10000	30	15	118	36100
-79.94177	-0.18352	10.8	10000	10000	30	15	118	36100
-79.89417	-0.10682	10.6	10000	10000	30	15	118	36100
-79.84657	-0.03012	10.5	10000	10000	30	15	118	36100
-79.79887	0.04658	10.6	10000	10000	30	15	118	36100
-79.75127	0.12328	10.6	10000	10000	30	15	118	36100
-79.70367	0.19998	10.6	10000	10000	30	15	118	36100
-79.65597	0.27668	10.5	10000	10000	30	15	118	36100
-79.60837	0.35338	10.2	10000	10000	30	15	118	36100
-79.56077	0.43008	9.7	10000	10000	30	15	118	36100
-79.51307	0.50678	8.8	10000	10000	30	15	118	36100
-79.46547	0.58348	7.8	10000	10000	30	15	118	36100
-79.41787	0.66018	6.7	10000	10000	30	15	118	36100
-79.37017	0.73688	5.9	10000	10000	30	15	118	36100
-79.32257	0.81348	5.2	10000	10000	30	15	118	36100
-79.27497	0.89018	4.6	10000	10000	30	15	118	36100
-79.22727	0.96688	4	10000	10000	30	15	118	36100
-79.17967	1.04358	3.4	10000	10000	30	15	118	36100
-79.13207	1.12028	2.6	10000	10000	30	15	118	36100
-79.08437	1.19698	1.8	10000	10000	30	15	118	36100
-79.03677	1.27368	1	10000	10000	30	15	118	36100
-78.98917	1.35038	0.1	10000	10000	30	15	118	36100
-78.94147	1.42708	0	10000	10000	30	15	118	36100
-78.89387	1.50378	0	10000	10000	30	15	118	36100
-78.84627	1.58048	0	10000	10000	30	15	118	36100
-78.79857	1.65718	0	10000	10000	30	15	118	36100
-78.75097	1.73388	0	10000	10000	30	15	118	36100
-78.70337	1.81058	0	10000	10000	30	15	118	36100
-78.65567	1.88728	0	10000	10000	30	15	118	36100
-78.60807	1.96398	0	10000	10000	30	15	118	36100
-78.56047	2.04068	0	10000	10000	30	15	118	36100
-78.51277	2.11728	0	10000	10000	30	15	118	36100
-78.46517	2.19398	0	10000	10000	30	15	118	36100
-78.41757	2.27068	0.5	10000	10000	30	15	118	36100
-78.36987	2.34738	1.6	10000	10000	30	15	118	36100
-78.32227	2.42408	2.8	10000	10000	30	15	118	36100
-78.27467	2.50078	3.9	10000	10000	30	15	118	36100
-78.22697	2.57748	4.8	10000	10000	30	15	118	36100
-78.17937	2.65418	5	10000	10000	30	15	118	36100
-78.13177	2.73088	4.7	10000	10000	30	15	118	36100
-78.08407	2.80758	4.5	10000	10000	30	15	118	36100
-78.03647	2.88428	4.6	10000	10000	30	15	118	36100
-77.98887	2.96098	4.8	10000	10000	30	15	118	36100
-77.94117	3.03768	4.9	10000	10000	30	15	118	36100
-77.89357	3.11438	4.9	10000	10000	30	15	118	36100
-77.84597	3.19108	4.7	10000	10000	30	15	118	36100
-77.79827	3.26778	4.1	10000	10000	30	15	118	36100
-77.75067	3.34438	3.3	10000	10000	30	15	118	36100
-77.70307	3.42108	2.6	10000	10000	30	15	118	36100
-77.65537	3.49778	2.1	10000	10000	30	15	118	36100
-77.60777	3.57448	1.7	10000	10000	30	15	118	38700
-80.20157	-0.76662	2.1	10000	10000	30	15	118	38700
-80.15397	-0.68992	4.4	10000	10000	30	15	118	38700
-80.10637	-0.61322	6.3	10000	10000	30	15	118	38700
-80.05867	-0.53652	7.5	10000	10000	30	15	118	38700
-80.01107	-0.45982	7.9	10000	10000	30	15	118	38700
-79.96347	-0.38312	7.8	10000	10000	30	15	118	38700
-79.91577	-0.30652	7.8	10000	10000	30	15	118	38700
-79.86817	-0.22982	7.9	10000	10000	30	15	118	38700
-79.82057	-0.15312	7.9	10000	10000	30	15	118	38700
-79.77287	-0.07642	8	10000	10000	30	15	118	38700
-79.72527	0.00028	8.1	10000	10000	30	15	118	38700
-79.67767	0.07698	8	10000	10000	30	15	118	38700
-79.62997	0.15368	7.8	10000	10000	30	15	118	38700
-79.58237	0.23038	7.4	10000	10000	30	15	118	38700
-79.53477	0.30708	7.1	10000	10000	30	15	118	38700
-79.48707	0.38378	6.6	10000	10000	30	15	118	38700
-79.43947	0.46048	5.9	10000	10000	30	15	118	38700
-79.39187	0.53718	5	10000	10000	30	15	118	38700
-79.34417	0.61388	4.2	10000	10000	30	15	118	38700
-79.29657	0.69058	3.6	10000	10000	30	15	118	38700
-79.24897	0.76728	3.2	10000	10000	30	15	118	38700
-79.20127	0.84398	2.8	10000	10000	30	15	118	38700
-79.15367	0.92068	2.3	10000	10000	30	15	118	38700
-79.10607	0.99728	1.8	10000	10000	30	15	118	38700
-79.05837	1.07398	1.3	10000	10000	30	15	118	38700
-79.01077	1.15068	0.8	10000	10000	30	15	118	38700
-78.96317	1.22738	0.3	10000	10000	30	15	118	38700
-78.91547	1.30408	0	10000	10000	30	15	118	38700
-78.86787	1.38078	0	10000	10000	30	15	118	38700
-78.82027	1.45748	0	10000	10000	30	15	118	38700
-78.77257	1.53418	0	10000	10000	30	15	118	38700
-78.72497	1.61088	0	10000	10000	30	15	118	38700
-78.67737	1.68758	0	10000	10000	30	15	118	38700
-78.62967	1.76428	0	10000	10000	30	15	118	38700
-78.58207	1.84098	0	10000	10000	30	15	118	38700
-78.53447	1.91768	0	10000	10000	30	15	118	38700
-78.48677	1.99438	0	10000	10000	30	15	118	38700
-78.43917	2.07108	0	10000	10000	30	15	118	38700
-78.39157	2.14768	0	10000	10000	30	15	118	38700
-78.34387	2.22438	0.3	10000	10000	30	15	118	38700
-78.29627	2.30108	0.7	10000	10000	30	15	118	38700
-78.24867	2.37778	1.3	10000	10000	30	15	118	38700
-78.20097	2.45448	2.1	10000	10000	30	15	118	38700
-78.15337	2.53118	2.6	10000	10000	30	15	118	38700
-78.10577	2.60788	2.5	10000	10000	30	15	118	38700
-78.05807	2.68458	2.1	10000	10000	30	15	118	38700
-78.01047	2.76128	1.9	10000	10000	30	15	118	38700
-77.96287	2.83798	2.1	10000	10000	30	15	118	38700
-77.91517	2.91468	2.4	10000	10000	30	15	118	38700
-77.86757	2.99138	2.5	10000	10000	30	15	118	38700
-77.81997	3.06808	2.7	10000	10000	30	15	118	38700
-77.77227	3.14478	2.7	10000	10000	30	15	118	38700
-77.72467	3.22148	2.3	10000	10000	30	15	118	38700
-77.67707	3.29818	1.7	10000	10000	30	15	118	38700
-77.62937	3.37488	1.2	10000	10000	30	15	118	38700
-77.58177	3.45148	1	10000	10000	30	15	118	38700
-77.53417	3.52818	0.9	10000	10000	30	15	118	41300
-80.12797	-0.81292	0.9	10000	10000	30	15	118	41300
-80.08037	-0.73622	2.6	10000	10000	30	15	118	41300
-80.03267	-0.65952	4	10000	10000	30	15	118	41300
-79.98507	-0.58282	4.7	10000	10000	30	15	118	41300
-79.93747	-0.50612	4.6	10000	10000	30	15	118	41300
-79.88977	-0.42942	4.3	10000	10000	30	15	118	41300
-79.84217	-0.35272	4.4	10000	10000	30	15	118	41300
-79.79457	-0.27612	4.7	10000	10000	30	15	118	41300
-79.74687	-0.19942	5	10000	10000	30	15	118	41300
-79.69927	-0.12272	5.2	10000	10000	30	15	118	41300
-79.65167	-0.04602	5.5	10000	10000	30	15	118	41300
-79.60397	0.03068	5.4	10000	10000	30	15	118	41300
-79.55637	0.10738	4.9	10000	10000	30	15	118	41300
-79.50877	0.18408	4.4	10000	10000	30	15	118	41300
-79.46107	0.26078	4.1	10000	10000	30	15	118	41300
-79.41347	0.33748	3.9	10000	10000	30	15	118	41300
-79.36587	0.41418	3.4	10000	10000	30	15	118	41300
-79.31817	0.49088	2.8	10000	10000	30	15	118	41300
-79.27057	0.56758	2.1	10000	10000	30	15	118	41300
-79.22297	0.64428	1.8	10000	10000	30	15	118	41300
-79.17527	0.72098	1.6	10000	10000	30	15	118	41300
-79.12767	0.79768	1.4	10000	10000	30	15	118	41300
-79.08007	0.87438	1.1	10000	10000	30	15	118	41300
-79.03237	0.95108	0.7	10000	10000	30	15	118	41300
-78.98477	1.02768	0.4	10000	10000	30	15	118	41300
-78.93717	1.10438	0.2	10000	10000	30	15	118	41300
-78.88947	1.18108	0.1	10000	10000	30	15	118	41300
-78.84187	1.25778	0	10000	10000	30	15	118	41300
-78.79427	1.33448	0	10000	10000	30	15	118	41300
-78.74657	1.41118	0	10000	10000	30	15	118	41300
-78.69897	1.48788	0	10000	10000	30	15	118	41300
-78.65137	1.56458	0	10000	10000	30	15	118	41300
-78.60367	1.64128	0	10000	10000	30	15	118	41300
-78.55607	1.71798	0	10000	10000	30	15	118	41300
-78.50847	1.79468	0	10000	10000	30	15	118	41300
-78.46077	1.87138	0	10000	10000	30	15	118	41300
-78.41317	1.94808	0	10000	10000	30	15	118	41300
-78.36557	2.02478	0	10000	10000	30	15	118	41300
-78.31787	2.10148	0	10000	10000	30	15	118	41300
-78.27027	2.17818	0.1	10000	10000	30	15	118	41300
-78.22267	2.25478	0.2	10000	10000	30	15	118	41300
-78.17497	2.33148	0.4	10000	10000	30	15	118	41300
-78.12737	2.40818	0.8	10000	10000	30	15	118	41300
-78.07977	2.48488	1	10000	10000	30	15	118	41300
-78.03207	2.56158	0.9	10000	10000	30	15	118	41300
-77.98447	2.63828	0.6	10000	10000	30	15	118	41300
-77.93687	2.71498	0	10000	10000	30	15	118	41300
-77.88917	2.79168	0.6	10000	10000	30	15	118	41300
-77.84157	2.86838	0	10000	10000	30	15	118	41300
-77.79397	2.94508	0.9	10000	10000	30	15	118	41300
-77.74627	3.02178	1.1	10000	10000	30	15	118	41300
-77.69867	3.09848	0	10000	10000	30	15	118	41300
-77.65107	3.17518	1	10000	10000	30	15	118	41300
-77.60337	3.25188	0.6	10000	10000	30	15	118	41300
-77.55577	3.32858	0.4	10000	10000	30	15	118	41300
-77.50817	3.40528	0.3	10000	10000	30	15	118	41300
-77.46047	3.48188	0.3	10000	10000	30	15	118	43900
-80.05437	-0.85922	0.3	10000	10000	30	15	118	43900
-80.00667	-0.78252	1.3	10000	10000	30	15	118	43900
-79.95907	-0.70582	2.1	10000	10000	30	15	118	43900
-79.91147	-0.62912	2.3	10000	10000	30	15	118	43900
-79.86377	-0.55242	2	10000	10000	30	15	118	43900
-79.81617	-0.47572	1.7	10000	10000	30	15	118	43900
-79.76857	-0.39902	1.8	10000	10000	30	15	118	43900
-79.72087	-0.32232	2.1	10000	10000	30	15	118	43900
-79.67327	-0.24562	2.4	10000	10000	30	15	118	43900
-79.62567	-0.16902	2.7	10000	10000	30	15	118	43900
-79.57797	-0.09232	3	10000	10000	30	15	118	43900
-79.53037	-0.01562	2.9	10000	10000	30	15	118	43900
-79.48277	0.06108	2.4	10000	10000	30	15	118	43900
-79.43507	0.13778	1.9	10000	10000	30	15	118	43900
-79.38747	0.21448	1.7	10000	10000	30	15	118	43900
-79.33987	0.29118	1.8	10000	10000	30	15	118	43900
-79.29217	0.36788	1.6	10000	10000	30	15	118	43900
-79.24457	0.44458	1.1	10000	10000	30	15	118	43900
-79.19697	0.52128	0.7	10000	10000	30	15	118	43900
-79.14927	0.59798	0.6	10000	10000	30	15	118	43900
-79.10167	0.67468	0.6	10000	10000	30	15	118	43900
-79.05407	0.75138	0.5	10000	10000	30	15	118	43900
-79.00637	0.82808	0.4	10000	10000	30	15	118	43900
-78.95877	0.90478	0.2	10000	10000	30	15	118	43900
-78.91117	0.98148	0.1	10000	10000	30	15	118	43900
-78.86347	1.05808	0	10000	10000	30	15	118	43900
-78.81587	1.13478	0	10000	10000	30	15	118	43900
-78.76827	1.21148	0	10000	10000	30	15	118	43900
-78.72057	1.28818	0	10000	10000	30	15	118	43900
-78.67297	1.36488	0	10000	10000	30	15	118	43900
-78.62537	1.44158	0	10000	10000	30	15	118	43900
-78.57767	1.51828	0	10000	10000	30	15	118	43900
-78.53007	1.59498	0	10000	10000	30	15	118	43900
-78.48247	1.67168	0	10000	10000	30	15	118	43900
-78.43477	1.74838	0	10000	10000	30	15	118	43900
-78.38717	1.82508	0	10000	10000	30	15	118	43900
-78.33957	1.90178	0	10000	10000	30	15	118	43900
-78.29187	1.97848	0	10000	10000	30	15	118	43900
-78.24427	2.05518	0	10000	10000	30	15	118	43900
-78.19667	2.13188	0	10000	10000	30	15	118	43900
-78.14897	2.20858	0	10000	10000	30	15	118	43900
-78.10137	2.28518	0	10000	10000	30	15	118	43900
-78.05377	2.36188	0	10000	10000	30	15	118	43900
-78.00607	2.43858	0	10000	10000	30	15	118	43900
-77.95847	2.51528	0	10000	10000	30	15	118	43900
-77.91087	2.59198	0	10000	10000	30	15	118	43900
-77.86317	2.66868	0	10000	10000	30	15	118	43900
-77.81557	2.74538	0	10000	10000	30	15	118	43900
-77.76797	2.82208	0	10000	10000	30	15	118	43900
-77.72027	2.89878	0	10000	10000	30	15	118	43900
-77.67267	2.97548	0	10000	10000	30	15	118	43900
-77.62507	3.05218	0	10000	10000	30	15	118	43900
-77.57737	3.12888	0	10000	10000	30	15	118	43900
-77.52977	3.20558	0	10000	10000	30	15	118	43900
-77.48217	3.28228	0	10000	10000	30	15	118	43900
-77.43447	3.35898	0	10000	10000	30	15	118	43900
-77.38687	3.43568	0	10000	10000	30	15	118	0
